1 0 x
2 0 x
1 20 x
2 20 x
1 40 x
2 40 x
1 60 9
2 60 1
1 80 19
2 80 3
1 100 29
2 100 5
1 120 39
2 120 7
1 140 49
2 140 1
1 160 8
2 160 0
1 180 18
2 180 2
1 200 28
2 200 4
1 220 38
2 220 6
1 240 48
2 240 0
1 260 58
2 260 2
1 280 68
2 280 4
1 300 78
2 300 6
1 320 88
2 320 0
1 340 98
2 340 2
1 360 108
2 360 4
1 380 118
2 380 6
1 400 128
2 400 0
1 420 138
2 420 2
1 440 148
2 440 4
1 460 158
2 460 6
1 480 168
2 480 0
1 500 178
2 500 2
1 520 188
2 520 4
1 540 198
2 540 6
1 560 208
2 560 0
1 580 218
2 580 2
1 600 228
2 600 4
1 620 238
2 620 6
1 640 248
2 640 0
1 660 2
2 660 2
1 680 12
2 680 4
1 700 22
2 700 6
1 720 32
2 720 0
1 740 42
2 740 2
1 760 52
2 760 4
1 780 62
2 780 6
1 800 72
2 800 0
1 820 82
2 820 2
1 840 92
2 840 4
1 860 102
2 860 6
1 880 112
2 880 0
1 900 122
2 900 2
1 920 132
2 920 4
1 940 142
2 940 6
1 960 152
2 960 0
1 980 162
2 980 2